Index: 0
AccX: -0.012593500732421874
AccY: 0.041904514556884764
AccZ: -0.0350511123046875

Index: 1
AccX: -0.012336124053955077
AccY: 0.04234145635986328
AccZ: -0.035021184783935545

Index: 2
AccX: -0.011845312713623046
AccY: 0.0431554849243164
AccZ: -0.03496731524658203

Index: 3
AccX: -0.011264718811035156
AccY: 0.04312555740356445
AccZ: -0.03497330075073242

Vel. Media X: -0.0003125872201411744
Vel. Media Y: 0.0010927002181950075
Vel. Media Z: -0.0008990762038682558