Index: 0
AccX: 0.008068459594726561
AccY: -0.09408613973999022
AccZ: 0.04127603662109374

Index: 1
AccX: 0.009965864410400389
AccY: -0.09563039981079102
AccZ: 0.04139574670410156

Index: 2
AccX: 0.011755530151367186
AccY: -0.09702502227783202
AccZ: 0.0414975002746582

Index: 3
AccX: 0.01255160220336914
AccY: -0.09807248550415038
AccZ: 0.04157531182861327

Vel. Media X: 0.00026437156307334897
Vel. Media Y: -0.0024647730016461636
Vel. Media Z: 0.001064455698507309