Index: 0
AccX: -0.0006524199523925781
AccY: -0.011324573852539063
AccZ: -0.022631191192626954

Index: 1
AccX: -0.0006524199523925781
AccY: -0.011318588348388671
AccZ: -0.022631191192626954

Index: 2
AccX: -0.0006165069274902343
AccY: -0.011264718811035156
AccZ: -0.022631191192626954

Index: 3
AccX: -0.0006584054565429687
AccY: -0.011270704315185546
AccZ: -0.022631191192626954

Vel. Media X: -1.8263185741821288e-05
Vel. Media Y: -0.0003195190564397583
Vel. Media Z: -0.0006394669383388673